FILE, VIEW, XV, YV, LONG_GT, LAT_GT, LONG_CALC, LAT_CALC, ERR2LONG, ERR2LAT, ERR
obj0001.cimgz, 1, 131, 88, 89, 89, 89, 89, 0, 0, 0.00000000
obj0001.cimgz, 3, 130, 179, 88, 88, 88, 88, 0, 0, 0.00000000
obj0001.cimgz, 9, 138, 79, 272, 88, 271, 87, 1, 1, 1.41421354
obj0001.cimgz, 12, 131, 191, 271, 88, 272, 88, 1, 0, 1.00000000
obj0002.cimgz, 7, 85, 43, 262, 68, 261, 71, 1, 9, 3.16227770
obj0002.cimgz, 9, 79, 141, 261, 66, 262, 67, 1, 1, 1.41421354
obj0002.cimgz, 1, 153, 142, 71, 99, 72, 99, 1, 0, 1.00000000
obj0002.cimgz, 0, 151, 73, 71, 98, 72, 98, 1, 0, 1.00000000
obj0003.cimgz, 0, 138, 122, 55, 94, 55, 97, 0, 9, 3.00000000
obj0003.cimgz, 6, 128, 161, 168, 83, 168, 84, 0, 1, 1.00000000
obj0003.cimgz, 8, 163, 82, 247, 91, 249, 93, 4, 4, 2.82842708
obj0003.cimgz, 0, 167, 205, 16, 106, 20, 108, 16, 4, 4.47213602
obj0004.cimgz, 1, 80, 121, 80, 79, 79, 78, 1, 1, 1.41421354
obj0004.cimgz, 7, 62, 91, 224, 56, 229, 56, 25, 0, 5.00000000
obj0004.cimgz, 4, 247, 134, 136, 140, 139, 142, 9, 4, 3.60555124
obj0004.cimgz, 6, 232, 165, 154, 124, 165, 130, 121, 36, 12.52996445
obj0005.cimgz, 0, 167, 199, 20, 101, 23, 102, 9, 1, 3.16227770
obj0005.cimgz, 6, 125, 122, 189, 84, 190, 83, 1, 1, 1.41421354
obj0005.cimgz, 14, 172, 54, 8, 117, 7, 122, 1, 25, 5.09901953
obj0005.cimgz, 6, 229, 113, 174, 121, 196, 128, 484, 49, 23.08679199
obj0006.cimgz, 3, 226, 54, 151, 132, 160, 129, 81, 9, 9.48683262
obj0006.cimgz, 10, 101, 81, 295, 84, 293, 85, 4, 1, 2.23606801
obj0006.cimgz, 0, 141, 207, 320, 45, 15, 82, 93025, 1369, 307.23605347
obj0006.cimgz, 5, 238, 146, 153, 128, 153, 130, 0, 4, 2.00000000
obj0007.cimgz, 3, 35, 182, 103, 38, 77, 38, 676, 0, 26.00000000
obj0007.cimgz, 5, 235, 139, 161, 139, 159, 139, 4, 0, 2.00000000
obj0007.cimgz, 11, 70, 123, 51, 89, 322, 35, 73441, 2916, 276.32769775
obj0007.cimgz, 8, 206, 157, 238, 66, 231, 115, 49, 2401, 49.49747467
obj0008.cimgz, 4, 53, 83, 167, 50, 168, 52, 1, 4, 2.23606801
obj0008.cimgz, 13, 181, 88, 351, 122, 351, 123, 0, 1, 1.00000000
obj0008.cimgz, 6, 46, 180, 166, 49, 164, 50, 4, 1, 2.23606801
obj0008.cimgz, 13, 89, 58, 367, 81, 17, 87, 122500, 36, 350.05142212
obj0009.cimgz, 1, 120, 75, 91, 90, 93, 88, 4, 4, 2.82842708
obj0009.cimgz, 9, 138, 103, 269, 92, 271, 91, 4, 1, 2.23606801
obj0009.cimgz, 11, 150, 200, 269, 89, 268, 93, 1, 16, 4.12310553
obj0009.cimgz, 2, 115, 118, 97, 84, 98, 84, 1, 0, 1.00000000
obj0010.cimgz, 4, 174, 96, 149, 99, 149, 99, 0, 0, 0.00000000
obj0010.cimgz, 4, 169, 181, 114, 96, 114, 97, 0, 1, 1.00000000
obj0010.cimgz, 3, 212, 165, 97, 119, 97, 119, 0, 0, 0.00000000
obj0010.cimgz, 1, 201, 58, 96, 119, 98, 120, 4, 1, 2.23606801
obj0011.cimgz, 4, 81, 192, 121, 68, 117, 68, 16, 0, 4.00000000
obj0011.cimgz, 5, 20, 119, 172, 35, 175, 34, 9, 1, 3.16227770
obj0011.cimgz, 2, 71, 88, 119, 67, 121, 69, 4, 4, 2.82842708
obj0011.cimgz, 0, 234, 174, 5, 141, 357, 142, 123904, 1, 352.00143433
obj0012.cimgz, 3, 166, 99, 139, 98, 139, 98, 0, 0, 0.00000000
obj0012.cimgz, 9, 46, 208, 243, 24, 225, 16, 324, 64, 19.69771576
obj0012.cimgz, 9, 108, 76, 184, 91, 312, 71, 16384, 400, 129.55308533
obj0012.cimgz, 2, 179, 48, 138, 96, 140, 98, 4, 4, 2.82842708
obj0013.cimgz, 2, 65, 102, 109, 70, 113, 70, 16, 0, 4.00000000
obj0013.cimgz, 10, 155, 78, 300, 104, 302, 105, 4, 1, 2.23606801
obj0013.cimgz, 9, 37, 146, 266, 47, 266, 45, 0, 4, 2.00000000
obj0013.cimgz, 10, 151, 79, 300, 106, 302, 104, 4, 4, 2.82842708
obj0014.cimgz, 8, 205, 74, 259, 115, 260, 113, 1, 4, 2.23606801
obj0014.cimgz, 3, 110, 109, 122, 78, 125, 76, 9, 4, 3.60555124
obj0014.cimgz, 8, 29, 139, 220, 42, 218, 39, 4, 9, 3.60555124
obj0014.cimgz, 8, 212, 53, 270, 113, 273, 114, 9, 1, 3.16227770
obj0015.cimgz, 5, 63, 74, 200, 53, 200, 54, 0, 1, 1.00000000
obj0015.cimgz, 14, 162, 85, 16, 130, 30, 130, 196, 0, 14.00000000
obj0015.cimgz, 15, 94, 99, 11, 96, 19, 97, 64, 1, 8.06225777
obj0015.cimgz, 7, 88, 166, 201, 52, 200, 52, 1, 0, 1.00000000
obj0016.cimgz, 2, 48, 108, 110, 55, 109, 55, 1, 0, 1.00000000
obj0016.cimgz, 10, 228, 111, 298, 127, 298, 131, 0, 16, 4.00000000
obj0016.cimgz, 6, 190, 108, 195, 118, 196, 117, 1, 1, 1.41421354
obj0016.cimgz, 9, 219, 76, 294, 129, 297, 130, 9, 1, 3.16227770
obj0017.cimgz, 1, 270, 173, 24, 148, 21, 152, 9, 16, 5.00000000
obj0017.cimgz, 0, 268, 149, 23, 144, 20, 151, 9, 49, 7.61577320
obj0017.cimgz, 15, 279, 108, 22, 149, 7, 143, 225, 36, 16.15549469
obj0017.cimgz, 1, 156, 208, 40, 100, 36, 99, 16, 1, 4.12310553
obj0018.cimgz, 7, 132, 135, 185, 78, 184, 83, 1, 25, 5.09901953
obj0018.cimgz, 7, 26, 156, 152, 28, 170, 29, 324, 1, 18.02775574
obj0018.cimgz, 7, 23, 157, 161, 26, 168, 27, 49, 1, 7.07106781
obj0018.cimgz, 6, 20, 132, 160, 24, 160, 23, 0, 1, 1.00000000
obj0019.cimgz, 0, 58, 163, 27, 43, 28, 44, 1, 1, 1.41421354
obj0019.cimgz, 1, 51, 206, 28, 42, 28, 44, 0, 4, 2.00000000
obj0019.cimgz, 6, 284, 112, 196, 149, 210, 154, 196, 25, 14.86606884
obj0019.cimgz, 7, 146, 118, 212, 88, 214, 88, 4, 0, 2.00000000
obj0020.cimgz, 2, 102, 134, 86, 73, 94, 71, 64, 4, 8.24621105
obj0020.cimgz, 2, 65, 97, 120, 53, 114, 55, 36, 4, 6.32455540
obj0020.cimgz, 5, 78, 206, 38, 59, 117, 56, 6241, 9, 79.05693817
obj0020.cimgz, 6, 77, 224, 93, 50, 127, 52, 1156, 4, 34.05877304
obj0021.cimgz, 6, 27, 96, 216, 35, 212, 36, 16, 1, 4.12310553
obj0021.cimgz, 7, 237, 115, 233, 133, 235, 136, 4, 9, 3.60555124
obj0021.cimgz, 14, 215, 87, 10, 147, 33, 151, 529, 16, 23.34523582
obj0021.cimgz, 1, 45, 141, 66, 33, 54, 40, 144, 49, 13.89244366
obj0022.cimgz, 0, 137, 47, 85, 106, 87, 107, 4, 1, 2.23606801
obj0022.cimgz, 3, 167, 192, 83, 108, 86, 109, 9, 1, 3.16227770
obj0022.cimgz, 9, 66, 115, 272, 61, 272, 62, 0, 1, 1.00000000
obj0022.cimgz, 13, 179, 95, 358, 85, 1, 88, 127449, 9, 357.01260376
obj0023.cimgz, 4, 144, 39, 183, 94, 183, 96, 0, 4, 2.00000000
obj0023.cimgz, 6, 165, 148, 182, 97, 182, 96, 0, 1, 1.00000000
obj0023.cimgz, 7, 168, 192, 181, 96, 183, 96, 4, 0, 2.00000000
obj0023.cimgz, 8, 167, 234, 183, 98, 179, 96, 16, 4, 4.47213602
obj0024.cimgz, 5, 217, 59, 215, 127, 217, 129, 4, 4, 2.82842708
obj0024.cimgz, 0, 59, 153, 29, 54, 27, 54, 4, 0, 2.00000000
obj0024.cimgz, 7, 49, 114, 241, 37, 239, 39, 4, 4, 2.82842708
obj0024.cimgz, 8, 66, 169, 241, 39, 240, 39, 1, 0, 1.00000000
obj0025.cimgz, 3, 98, 35, 175, 79, 170, 80, 25, 1, 5.09901953
obj0025.cimgz, 5, 118, 120, 175, 81, 174, 79, 1, 4, 2.23606801
obj0025.cimgz, 7, 109, 223, 173, 82, 170, 80, 9, 4, 3.60555124
obj0025.cimgz, 12, 163, 90, 347, 104, 348, 101, 1, 9, 3.16227770
obj0026.cimgz, 11, 248, 156, 277, 150, 272, 149, 25, 1, 5.09901953
obj0026.cimgz, 3, 23, 167, 90, 29, 88, 33, 4, 16, 4.47213602
obj0026.cimgz, 9, 147, 141, 262, 88, 263, 87, 1, 1, 1.41421354
obj0026.cimgz, 11, 141, 127, 206, 59, 312, 98, 11236, 1521, 112.94689178
obj0027.cimgz, 0, 187, 116, 49, 125, 53, 128, 16, 9, 5.00000000
obj0027.cimgz, 7, 29, 102, 230, 49, 229, 45, 1, 16, 4.12310553
obj0027.cimgz, 8, 25, 139, 231, 47, 231, 47, 0, 0, 0.00000000
obj0027.cimgz, 2, 222, 205, 50, 127, 50, 130, 0, 9, 3.00000000
obj0028.cimgz, 5, 181, 41, 215, 112, 217, 114, 4, 4, 2.82842708
obj0028.cimgz, 6, 177, 73, 216, 111, 216, 111, 0, 0, 0.00000000
obj0028.cimgz, 8, 192, 181, 214, 112, 214, 112, 0, 0, 0.00000000
obj0028.cimgz, 14, 68, 76, 31, 70, 33, 72, 4, 4, 2.82842708
obj0001.cimgz, 0, 139, 42, 97, 89, 98, 91, 1, 4, 2.23606801
obj0001.cimgz, 1, 131, 86, 97, 89, 100, 89, 9, 0, 3.00000000
obj0001.cimgz, 2, 129, 131, 96, 89, 97, 89, 1, 0, 1.00000000
obj0001.cimgz, 3, 129, 181, 96, 89, 96, 87, 0, 4, 2.00000000
obj0001.cimgz, 4, 143, 217, 97, 88, 98, 89, 1, 1, 1.41421354
obj0001.cimgz, 9, 138, 77, 301, 88, 301, 87, 0, 1, 1.00000000
obj0001.cimgz, 10, 137, 111, 301, 88, 303, 87, 4, 1, 2.23606801
obj0001.cimgz, 11, 138, 155, 302, 88, 301, 87, 1, 1, 1.41421354
obj0001.cimgz, 12, 133, 190, 301, 87, 302, 89, 1, 4, 2.23606801
obj0001.cimgz, 13, 132, 212, 301, 88, 302, 88, 1, 0, 1.00000000
obj0013.cimgz, 1, 63, 61, 123, 71, 125, 69, 4, 4, 2.82842708
obj0013.cimgz, 2, 65, 104, 123, 70, 124, 70, 1, 0, 1.00000000
obj0013.cimgz, 3, 78, 159, 123, 70, 121, 71, 4, 1, 2.23606801
obj0013.cimgz, 5, 106, 248, 123, 70, 119, 71, 16, 1, 4.12310553
obj0013.cimgz, 9, 152, 44, 333, 104, 335, 104, 4, 0, 2.00000000
obj0013.cimgz, 10, 154, 80, 333, 104, 334, 105, 1, 1, 1.41421354
obj0013.cimgz, 11, 156, 132, 332, 104, 333, 104, 1, 0, 1.00000000
obj0013.cimgz, 13, 151, 216, 333, 104, 331, 104, 4, 0, 2.00000000
obj0013.cimgz, 14, 155, 241, 332, 104, 331, 105, 1, 1, 1.41421354
obj0013.cimgz, 12, 153, 182, 332, 104, 331, 104, 1, 0, 1.00000000
